AlbjornLing	MULTIPOLYGON (((2.562135410632926 58.1127502981297, 2.5621637286641348 58.112763629622904, 2.772619321000493 58.16929354407046, 3.0852890662903585 57.843197410508786, 3.2071475752899987 57.64213765078473, 3.3634025240191443 57.532081125451995, 3.1859640955764847 57.44148403878925, 3.0004655995769873 57.51509667373618, 2.901582890191079 57.65378633174502, 2.8759829103272176 57.75015612802701, 2.771964579775184 57.84303180059649, 2.5987064188204974 57.8900959074462, 2.507255278335098 57.97418320586557, 2.562135410632926 58.1127502981297)))
CharlesDiana	MULTIPOLYGON (((5.198437400152144 57.1441580914488, 5.279592126787586 57.17464571373538, 5.3484676106549625 57.1911297604243, 5.40040998533053 57.22628074270775, 5.410248059262995 57.22691603281395, 5.4246975834012705 57.200892965579364, 5.404926324663339 57.18963336223378, 5.350578081050722 57.154491661105986, 5.2744334003030255 57.14068899634189, 5.242830200398538 57.10873771596555, 5.205327494110204 57.068327822721635, 5.185056045547053 57.03500536187833, 5.150123035067096 57.050454286756214, 5.140700735447433 57.11559494774418, 5.198437400152144 57.1441580914488)))
Engelsk_Klondyke	MULTIPOLYGON (((3.9967457968942006 57.73166575665928, 4.098437651133248 57.81820280740791, 4.230195730121979 57.80649382921962, 4.342737674157209 57.779655562297094, 4.540371431518686 57.719069975867335, 4.428735395905129 57.58240037942169, 4.283250182688778 57.600557796207305, 4.16795850298687 57.59074525439458, 3.9645389324696705 57.60978028959537, 3.958392522633628 57.66935506647891, 3.9967457968942006 57.73166575665928)))
Inner_Shoal_East	MULTIPOLYGON (((3.9555497489239464 56.830654889566084, 4.2738432343793225 56.802459512092085, 4.55950396854061 56.76019736622633, 4.445993658053351 56.58413772819661, 3.6973421015828176 56.57811931132799, 3.67148563183448 56.738040820070246, 3.9555497489239464 56.830654889566084)))
Inner_Shoal_West	MULTIPOLYGON (((3.893309782520628 56.91054637976021, 3.95551656794101 56.83048557741444, 3.671783124161758 56.73821517383178, 3.5940352433882268 56.843024690533966, 3.893309782520628 56.91054637976021)))
Nordgyden	MULTIPOLYGON (((3.1861478941955674 58.2359564265776, 3.306548742143134 58.24493341398589, 3.462207358583629 58.22018392913211, 3.6579208759698605 58.14113601290192, 3.6130777563607115 58.105143646179776, 3.478468704380237 58.137933258050374, 3.359140268866433 58.17757630741891, 3.2361965201514513 58.18538511254085, 3.163916763001188 58.191558066764976, 3.147687624672817 58.21483157883582, 3.1861478941955674 58.2359564265776)))
Ostbanken	MULTIPOLYGON (((3.174289501321163 57.8143235762841, 3.4707574781393062 57.878631081623816, 3.7690354030490445 57.76013487276528, 3.8980433984111493 57.688264159099305, 3.8861405493639065 57.620673827063925, 3.8861404869170952 57.6201821675794, 3.586018761418639 57.63636666489681, 3.4661578567500246 57.669680284333694, 3.3772142899416746 57.720689776772694, 3.258451226901615 57.68534983273772, 3.1569973480031948 57.753562762371445, 3.174289501321163 57.8143235762841)))
Outer_Shoal	MULTIPOLYGON (((4.044205711532243 57.452996367151584, 4.2690371691112 57.38649600724116, 4.618437271473431 57.3474582347461, 4.861217204591814 57.3276788972172, 5.0266389944216145 57.370665725979876, 4.999695158880876 57.236213171026684, 4.943131876311017 57.11794925355071, 4.802039436964403 57.10766574761938, 4.661119551480955 57.13798253948174, 4.558634131032111 57.17423270486327, 4.507531460807581 57.225493927298565, 4.362002682243212 57.24750795485028, 4.206319281397662 57.324135542977665, 4.035392458535792 57.36708949236106, 4.044205711532243 57.452996367151584)))
VestbankenSouthEast	MULTIPOLYGON (((5.519236023104298 56.97174112028341, 5.547469971608057 57.06052200625368, 5.6448187890327395 57.14494476940303, 6.215881227903649 56.95873536377323, 5.5386091599288765 56.74498911034744, 5.383753394152276 56.89093907761181, 5.519236023104298 56.97174112028341)))
VestbankenSouthWest	MULTIPOLYGON (((4.943135505617774 57.11556541992584, 5.0024403961859445 57.233241478283695, 5.000145559324017 57.33967387098612, 5.028848633763544 57.37304948078128, 5.169996012147249 57.33837055151886, 5.6448187890327395 57.14494476940303, 5.547209736758442 57.06071382730791, 5.519138991444201 56.971724824189536, 5.383753394152276 56.89093907761181, 5.118096755767599 56.9724997172234, 4.864682762302391 56.982017373449196, 4.943135505617774 57.11556541992584)))
Vestbanken_North	MULTIPOLYGON (((5.3233119271783815 57.38957761975931, 5.518514104286883 57.33744691483393, 5.706108429258766 57.28425188765032, 5.891876057839992 57.21789186525077, 6.128889111246428 57.16234034391646, 6.225884842007588 57.17524938340297, 6.37503958577972 57.188652820898085, 6.538836580063945 57.19312614937424, 6.6456673778757125 57.08363761032894, 6.496942646660711 57.03657041995517, 6.3805889414709664 57.00164734072109, 6.122528514848598 56.99066625302967, 5.645350499069495 57.14734168720354, 5.2250114421793965 57.31682941823624, 5.3233119271783815 57.38957761975931)), ((5.324528589793045 57.390475728451996, 5.3233119271783815 57.38957761975931, 5.321783453344888 57.38998403296883, 5.324528589793045 57.390475728451996)))
Vikingbanken	MULTIPOLYGON (((2.5714602002579516 60.606942041018584, 2.607889587751884 60.65715702913763, 2.767817779282932 60.67465401044607, 2.7557900595972593 60.56041284869649, 2.7024256995477463 60.395954199094035, 2.8176759542156766 60.2441657853873, 2.783909670429063 60.1569249834901, 2.6767389970014377 60.13040604511658, 2.6052674774063234 60.15892304136945, 2.6251165387706363 60.226156618999525, 2.5230169987462094 60.390420046687325, 2.483624159752232 60.573167226477985, 2.5714602002579516 60.606942041018584)))
