1	MULTIPOLYGON(((15.0 73.0, 23.0 73.0, 23.0 71.5, 15.0 71.5, 15.0 73.0)))
2	MULTIPOLYGON(((23.0 71.5, 23.0 72.5, 29.0 72.5, 29.0 73.0, 30.0 73.0, 30.0 72.0, 26.0 72.0, 26.0 71.5, 23.0 71.5, 23.0 71.5)))
3	MULTIPOLYGON(((23.0 72.5, 23.0 73.5, 27.0 73.5, 27.0 74.0, 30.0 74.0, 30.0 73.0, 29.0 73.0, 29.0 72.5, 23.0 72.5, 23.0 72.5)))
4	MULTIPOLYGON(((17.0 70.0, 17.0 70.5, 20.0 70.5, 20.0 71.0, 22.0 71.0, 22.0 71.5, 26.0 71.5, 26.0 71.2, 25.5 71.2, 25.5 71.12, 24.0 71.12, 22.25 70.75, 21.5 70.4, 19.0 70.25, 18.25 70.0, 17.0 70.0, 17.0 70.0)))
5	MULTIPOLYGON(((17.0 70.5, 17.0 71.5, 22.0 71.5, 22.0 71.0, 20.0 71.0, 20.0 70.5, 17.0 70.5, 17.0 70.5)))
6	MULTIPOLYGON(((26.0 71.12, 26.0 72.0, 30.0 72.0, 30.0 71.0, 31.0 71.0, 31.0 70.53, 30.0 70.75, 28.25 71.0, 28.25 71.12, 27.25 71.12, 27.25 71.0, 26.25 71.0, 26.0 71.12, 26.0 71.12)))
7	MULTIPOLYGON(((29.75 69.88, 29.75 70.0, 30.25 70.0, 31.0 70.25, 31.0 71.0, 33.0 71.0, 33.0 70.5, 35.0 70.5, 35.0 70.0, 38.0 70.0, 38.0 69.5, 40.0 69.5, 40.0 68.25, 39.5 68.25, 37.5 69.0, 37.0 69.25, 36.5 69.25, 34.25 69.62, 33.5 69.62, 33.5 69.88, 32.25 70.12, 31.25 70.0, 31.25 69.88, 29.75 69.88, 29.75 69.88)))
8	MULTIPOLYGON(((38.0 69.5, 38.0 70.0, 35.0 70.0, 35.0 70.5, 33.0 70.5, 33.0 71.0, 34.0 71.0, 34.0 71.5, 38.0 71.5, 38.0 71.0, 40.0 71.0, 40.0 69.5, 38.0 69.5, 38.0 69.5)))
9	MULTIPOLYGON(((40.0 71.0, 40.0 71.5, 42.0 71.5, 42.0 72.0, 46.0 72.0, 46.0 71.0, 40.0 71.0, 40.0 71.0)))
10	MULTIPOLYGON(((38.0 71.0, 38.0 71.5, 36.0 71.5, 36.0 72.0, 41.0 72.0, 41.0 72.5, 47.0 72.5, 47.0 72.0, 42.0 72.0, 42.0 71.5, 40.0 71.5, 40.0 71.0, 38.0 71.0, 38.0 71.0)))
11	MULTIPOLYGON(((34.0 71.5, 34.0 73.0, 30.0 73.0, 30.0 74.0, 36.0 74.0, 36.0 71.5, 34.0 71.5, 34.0 71.5)))
12	MULTIPOLYGON(((30.0 71.0, 30.0 73.0, 34.0 73.0, 34.0 71.0, 30.0 71.0, 30.0 71.0)))
13	MULTIPOLYGON(((40.0 68.25, 40.0 70.0, 45.0 70.0, 45.0 70.5, 47.0 70.5, 47.0 70.0, 48.0 70.0, 48.0 69.0, 43.0 69.0, 43.0 68.25, 40.0 68.25, 40.0 68.25)))
14	MULTIPOLYGON(((40.0 70.0, 40.0 71.0, 48.0 71.0, 48.0 71.5, 49.0 71.5, 49.0 72.0, 51.0 72.0, 51.0 70.0, 47.0 70.0, 47.0 70.5, 45.0 70.5, 45.0 70.0, 40.0 70.0, 40.0 70.0)))
15	MULTIPOLYGON(((46.0 71.0, 46.0 72.0, 47.0 72.0, 47.0 72.5, 48.0 72.5, 48.0 73.0, 50.0 73.0, 50.0 73.5, 49.0 73.5, 49.0 74.0, 53.0 74.0, 53.0 73.0, 52.0 73.0, 52.0 72.5, 51.0 72.5, 51.0 72.0, 49.0 72.0, 49.0 71.5, 48.0 71.5, 48.0 71.0, 46.0 71.0, 46.0 71.0)))
16	MULTIPOLYGON(((41.0 72.5, 41.0 73.0, 42.0 73.0, 42.0 73.5, 43.0 73.5, 43.0 74.0, 49.0 74.0, 49.0 73.5, 50.0 73.5, 50.0 73.0, 48.0 73.0, 48.0 72.5, 41.0 72.5, 41.0 72.5)))
17	MULTIPOLYGON(((36.0 72.0, 36.0 74.0, 43.0 74.0, 43.0 73.5, 42.0 73.5, 42.0 73.0, 41.0 73.0, 41.0 72.0, 36.0 72.0, 36.0 72.0)))
18	MULTIPOLYGON(((30.0 74.0, 30.0 76.5, 38.0 76.5, 38.0 76.0, 36.0 76.0, 36.0 75.5, 34.0 75.5, 34.0 75.0, 36.0 75.0, 36.0 74.0, 30.0 74.0, 30.0 74.0)))
19	MULTIPOLYGON(((36.0 74.0, 36.0 75.0, 34.0 75.0, 34.0 75.5, 36.0 75.5, 36.0 76.0, 38.0 76.0, 38.0 76.5, 40.0 76.5, 40.0 75.0, 44.0 75.0, 44.0 74.0, 36.0 74.0, 36.0 74.0)))
20	MULTIPOLYGON(((44.0 74.0, 44.0 75.0, 54.0 75.0, 54.0 74.0, 44.0 74.0, 44.0 74.0)))
21	MULTIPOLYGON(((15.0 73.0, 15.0 74.5, 16.0 74.5, 16.0 74.0, 17.0 74.0, 17.0 73.5, 21.0 73.5, 21.0 74.0, 26.0 74.0, 26.0 74.5, 28.0 74.5, 28.0 74.0, 27.0 74.0, 27.0 73.5, 23.0 73.5, 23.0 73.0, 15.0 73.0, 15.0 73.0)))
22	MULTIPOLYGON(((28.0 74.0, 28.0 74.5, 23.0 74.5, 23.0 75.0, 24.0 75.0, 24.0 75.5, 25.0 75.5, 25.0 76.0, 26.0 76.0, 26.0 76.5, 30.0 76.5, 30.0 74.0, 28.0 74.0, 28.0 74.0)))
23	MULTIPOLYGON(((17.0 73.5, 17.0 74.0, 16.0 74.0, 16.0 74.5, 26.0 74.5, 26.0 74.0, 21.0 74.0, 21.0 73.5, 17.0 73.5, 17.0 73.5)))
