1	MULTIPOLYGON (((30.0 76.5,30.0 74.0,28.0 74.0,28.0 74.5,23.0 74.5,23.0 75.0,24.0 75.0,24.0 75.5,25.0 75.5,25.0 76.0,26.0 76.0,26.0 76.5,30.0 76.5)))
2	MULTIPOLYGON (((30.0 76.5,38.0 76.5,38.0 76.0,36.0 76.0,36.0 75.5,34.0 75.5,34.0 75.0,36.0 75.0,36.0 74.0,30.0 74.0,30.0 76.5)))
3	MULTIPOLYGON (((38.0 76.5,40.0 76.5,40.0 75.0,44.0 75.0,44.0 74.0,36.0 74.0,36.0 75.0,34.0 75.0,34.0 75.5,36.0 75.5,36.0 76.0,38.0 76.0,38.0 76.5)))
4	MULTIPOLYGON (((44.0 75.0,54.0 75.0,54.0 74.0,44.0 74.0,44.0 75.0)))
5	MULTIPOLYGON (((28.0 74.5,28.0 74.0,27.0 74.0,27.0 73.5,23.0 73.5,23.0 73.0,15.0 73.0,15.0 74.5,16.0 74.5,16.0 74.0,17.0 74.0,17.0 73.5,21.0 73.5,21.0 74.0,26.0 74.0,26.0 74.5,28.0 74.5)))
6	MULTIPOLYGON (((16.0 74.5,26.0 74.5,26.0 74.0,21.0 74.0,21.0 73.5,17.0 73.5,17.0 74.0,16.0 74.0,16.0 74.5)))
7	MULTIPOLYGON (((30.0 74.0,30.0 73.0,29.0 73.0,29.0 72.5,23.0 72.5,23.0 73.5,27.0 73.5,27.0 74.0,30.0 74.0)))
8	MULTIPOLYGON (((15.0 73.0,23.0 73.0,23.0 71.5,15.0 71.5,15.0 73.0)))
9	MULTIPOLYGON (((17.0 71.5,22.0 71.5,22.0 71.0,20.0 71.0,20.0 70.5,17.0 70.5,17.0 71.5)))
10	MULTIPOLYGON (((17.0 70.5,20.0 70.5,20.0 71.0,22.0 71.0,22.0 71.5,26.0 71.5,26.048506997000061 71.240270899000052,25.61430185200004 71.220298097000068,25.58328719800005 71.170276253000054,24.032554537000067 71.160256464000042,22.357763263000038 70.836893663000069,21.706455546000029 70.425163161000057,19.101224675000026 70.331357103000073,18.5 70.0,17.0 70.0,17.0 70.5)))
11	MULTIPOLYGON (((23.0 72.5,29.0 72.5,29.0 73.0,30.0 73.0,30.0 72.0,26.0 72.0,26.0 71.5,23.0 71.5,23.0 72.5)))
12	MULTIPOLYGON (((26.0 72.0,30.0 72.0,30.0 71.0,31.0 71.0,31.010851512000045 70.580550616000039,29.894323996000026 70.806305510000072,28.808811134000052 70.958777047000069,28.250547376000043 71.069846546000065,28.281562029000042 71.170276253000054,27.444166392000056 71.180290898000067,27.413151739000057 71.069846546000065,26.296624223000038 71.079912727000078,26.017492344000061 71.170276253000054,26.0 72.0)))
13	MULTIPOLYGON (((30.0 73.0,34.0 73.0,34.0 71.0,30.0 71.0,30.0 73.0)))
14	MULTIPOLYGON (((30.0 74.0,36.0 74.0,36.0 71.5,34.0 71.5,34.0 73.0,30.0 73.0,30.0 74.0)))
15	MULTIPOLYGON (((36.0 74.0,43.0 74.0,43.0 73.5,42.0 73.5,42.0 73.0,41.0 73.0,41.0 72.0,36.0 72.0,36.0 74.0)))
16	MULTIPOLYGON (((43.0 74.0,49.0 74.0,49.0 73.5,50.0 73.5,50.0 73.0,48.0 73.0,48.0 72.5,41.0 72.5,41.0 73.0,42.0 73.0,42.0 73.5,43.0 73.5,43.0 74.0)))
17	MULTIPOLYGON (((49.0 74.0,53.0 74.0,53.0 73.0,52.0 73.0,52.0 72.5,51.0 72.5,51.0 72.0,49.0 72.0,49.0 71.5,48.0 71.5,48.0 71.0,46.0 71.0,46.0 72.0,47.0 72.0,47.0 72.5,48.0 72.5,48.0 73.0,50.0 73.0,50.0 73.5,49.0 73.5,49.0 74.0)))
18	MULTIPOLYGON (((36.0 72.0,41.0 72.0,41.0 72.5,47.0 72.5,47.0 72.0,42.0 72.0,42.0 71.5,40.0 71.5,40.0 71.0,38.0 71.0,38.0 71.5,36.0 71.5,36.0 72.0)))
19	MULTIPOLYGON (((46.0 72.0,46.0 71.0,40.0 71.0,40.0 71.5,42.0 71.5,42.0 72.0,46.0 72.0)))
21	MULTIPOLYGON (((49.0 72.0,51.0 72.0,51.0 70.0,47.0 70.0,47.0 70.5,45.0 70.5,45.0 70.0,40.0 70.0,40.0 71.0,48.0 71.0,48.0 71.5,49.0 71.5,49.0 72.0)))
22	MULTIPOLYGON (((40.0 70.0,45.0 70.0,45.0 70.5,47.0 70.5,47.0 70.0,48.0 70.0,48.0 69.0,43.0 69.0,43.044536963000041 68.362109012000076,39.999449962000028 68.381427073000054,40.0 70.0)))
23	MULTIPOLYGON (((34.0 71.5,38.0 71.5,38.0 71.0,40.0 71.0,40.0 69.5,38.0 69.5,38.0 70.0,35.0 70.0,35.0 70.5,33.0 70.5,33.0 71.0,34.0 71.0,34.0 71.5)))
24	MULTIPOLYGON (((31.00592501400007 71.0,33.00592501400007 71.0,33.00592501400007 70.5,35.00592501400007 70.5,35.00592501400007 70.0,38.00592501400007 70.0,38.00592501400007 69.5,40.00592501400007 69.5,39.997474957000065 68.380698753000047,39.576820816000065 68.373552927000048,39.00592501400007 68.5,36.878545986000063 69.31447569900007,36.444340840000052 69.31447569900007,34.335344421000059 69.694850871000028,33.590992744000062 69.694850871000028,33.466934131000073 69.91984609800005,32.350406615000054 70.152986942000041,31.50592501400007 70.0,30.00592501400007 70.0,31.202006208000057 70.261482738000041,31.00592501400007 70.5,31.00592501400007 71.0)))
25	MULTIPOLYGON (((26.0 76.5,26.0 77.5,24.0 77.5,24.666666667000072 77.833333333000041,24.0 78.0,24.0 78.5,39.0 78.5,39.0 78.0,41.0 78.0,41.0 77.5,42.0 77.5,42.0 77.0,43.0 77.0,43.0 76.5,30.039586974000031 76.49999680600007,26.0 76.5)))
26	MULTIPOLYGON (((15.0 74.5,15.0 75.0,14.0 75.5,14.0 76.5,13.3045 76.6865,12.376166667000064 77.0,11.511833333000027 77.1225,11.0 77.5,9.55266666700004 77.937166667000042,8.433833333000052 78.823,8.441166667000061 79.091166667000039,8.0 79.346,8.0 79.5,10.656666667000025 79.5,10.795833333000076 79.321,11.077833333000058 79.1535,11.1695 79.0745,11.6125 79.051,11.9165 79.0,11.975166667000053 78.960833333000039,11.773666667000043 78.96433333300007,11.422166667000056 78.986166667000077,11.242666667000037 78.969333333000066,11.499 78.885666667000066,11.72966666700006 78.828333333000046,11.378166667000073 78.76283333300006,11.151166667000041 78.797,10.957 78.896833333000075,10.440666667000073 78.911666667000077,10.429666667000049 78.787833333000037,10.682333333000031 78.639333333000081,11.0595 78.387166667000031,11.381833333000031 78.336833333000072,11.795666667000035 78.185666667000078,12.114333333000047 78.162333333000049,12.271666667000034 78.18633333300005,11.953166667000062 78.440833333000057,11.898166667000055 78.5095,12.2205 78.513166667000064,12.9455 78.182666667000035,13.381333333000043 78.039166667000075,13.088333333000037 77.9845,13.74016666700004 77.699166667000043,14.395833333000041 77.725666667000041,14.8315 77.567333333000079,14.6155 77.545333333000031,14.3885 77.591833333000068,13.934333333000041 77.575166667000076,13.751166667000064 77.490666667000085,13.795166667000046 77.378333333000057,14.179666667000049 77.165333333000035,14.516666667000038 77.064833333000081,15.21966666700007 76.986,15.798333333000073 76.98683333300005,15.824 76.962,15.2015 76.894166667000036,15.472333333000051 76.705166667000071,16.073 76.488666667000075,16.622333333000029 76.395,17.5 76.5,19.0 76.5,19.0 74.5,15.0 74.5)))
27	MULTIPOLYGON (((19.0 74.5,19.0 76.5,17.307166667000047 76.5,17.603833333000068 76.970166667000058,17.808833333000052 77.360666667000032,17.984666667000056 77.430333333000078,18.4095 77.4485,18.5045 77.5025,18.666666667000072 78.0,20.666666667000072 78.0,20.515166667000074 77.501,21.0 77.0,22.5 77.0,24.0 77.5,26.0 77.5,26.0 76.0,25.0 76.0,25.0 75.5,24.0 75.5,24.0 75.0,23.0 75.0,23.0 74.5,19.0 74.5)))
